     0/299     1.78G   0.07951   0.01767   0.01846    0.1156       220       640    0.6667  0.005495 1.172e-06 2.115e-07    0.1037   0.03036   0.01492
     1/299     4.18G   0.07666    0.0132   0.01297    0.1028       246       640  0.000303   0.03388 3.338e-05 4.575e-06    0.1034   0.02914   0.01275
     2/299      4.2G   0.07306   0.01372   0.01137   0.09814       244       640 0.0003303   0.03663 5.004e-05 8.698e-06   0.09672   0.03038   0.01206
     3/299     4.18G   0.06847   0.01385  0.009909   0.09223       270       640  0.005493   0.04993 0.0003632 6.009e-05    0.1036   0.03176   0.01189
     4/299     4.19G   0.06413    0.0127  0.007873    0.0847       270       640   0.09465    0.1002   0.05061   0.01302   0.09354    0.0321   0.01246
     5/299      4.2G   0.05891   0.01073  0.005756   0.07539       274       640    0.3945     0.136   0.02056  0.003634    0.1162   0.03293   0.01942
     6/299     4.18G   0.04236  0.009667  0.004044   0.05607       168       640    0.3742    0.2951    0.2982   0.08964    0.1075   0.02651   0.01699
     7/299     4.19G   0.04053  0.009306  0.003521   0.05336       205       640   0.06587    0.1219   0.03478  0.006648     0.109   0.02595   0.01706
     8/299     4.19G   0.03788  0.008963  0.002724   0.04956       277       640    0.3151    0.3396    0.2447   0.07135    0.1142    0.0234   0.01913
     9/299     4.33G   0.03819  0.009066  0.002311   0.04957       313       640    0.2104    0.2811    0.1593   0.03546    0.1058   0.02807    0.0171
    10/299      4.2G    0.0386  0.009199  0.002218   0.05002       271       640    0.5127    0.4826    0.4329    0.1096    0.1061   0.02645   0.02064
    11/299     4.18G   0.03852  0.008474  0.002172   0.04917       200       640    0.3895    0.2141     0.164   0.03299    0.1148   0.02406   0.02017
    12/299      4.2G    0.0367  0.008356  0.001558   0.04662       201       640    0.6087    0.6413     0.604    0.2298    0.1066   0.02566   0.01865
    13/299     4.18G   0.04673  0.008232  0.004313   0.05927       340       640    0.2094    0.2259    0.1405   0.02811    0.1115   0.02905   0.01912
    14/299     4.18G   0.04165  0.007775  0.002313   0.05174       261       640   0.04321    0.2653   0.02778  0.004869    0.1178   0.02984   0.01774
    15/299     4.19G   0.04106  0.007824  0.001846   0.05073       230       640     0.809    0.7326    0.7712    0.3402    0.1034   0.02612   0.02292
    16/299     4.16G   0.05113  0.007662  0.002486   0.06128       148       640    0.7146    0.6304    0.6437    0.2321     0.108   0.02344   0.02124
    17/299     4.19G   0.04832  0.007802  0.002567   0.05869       236       640    0.6558    0.6809    0.6791    0.2463    0.1034   0.02785   0.02112
    18/299     4.19G   0.04633  0.007269  0.002497   0.05609       186       640    0.3958    0.3784    0.2978   0.07535    0.1126   0.02273   0.05142
    19/299      4.2G   0.04387  0.007123   0.00145   0.05244       192       640    0.1186   0.08899   0.03184  0.009478     0.158   0.01843    0.2402
    20/299     4.18G    0.0457  0.007269  0.003214   0.05618       207       640    0.6389    0.5128    0.5188    0.1694    0.1115   0.02734    0.0476
    21/299      4.2G   0.04005  0.007041  0.001909     0.049       169       640    0.8928    0.7879    0.8544    0.3793    0.1009   0.02398   0.02977
    22/299     4.17G   0.04402   0.00681  0.002502   0.05333       205       640    0.8597    0.8169    0.8652    0.4076   0.09894    0.0255   0.03001
    23/299     4.19G   0.04676  0.007472  0.002373   0.05661       234       640    0.3748    0.2224    0.2095   0.06502    0.1139   0.03461   0.02258
    24/299     4.19G   0.04325  0.007455  0.003426   0.05413       282       640    0.8507    0.7809    0.8351    0.4058   0.09926   0.02413   0.02677
    25/299      4.2G   0.03528  0.006951  0.001712   0.04395       271       640    0.9092    0.8142    0.8776    0.4283   0.09796   0.02409   0.02672
    26/299     4.18G   0.03888  0.006828  0.002024   0.04773       210       640    0.8956    0.8494    0.9015    0.4599   0.09612   0.02535   0.02645
    27/299     4.19G   0.03316  0.006727  0.001314    0.0412       179       640    0.9093    0.8498    0.8975    0.4934   0.09523   0.02422   0.02549
    28/299     4.18G    0.0366  0.006859  0.001691   0.04515       187       640    0.8659    0.8709    0.9054    0.4592   0.09559   0.02368   0.02627
    29/299     4.18G   0.04421  0.006835  0.002317   0.05336       164       640    0.9314    0.8524    0.9195    0.5172   0.09399   0.02234   0.02638
    30/299     4.05G   0.03307  0.006866  0.001915   0.04185       249       640     0.917     0.872    0.9184    0.5164   0.09288   0.02056    0.0299
    31/299     4.18G    0.0456  0.007076  0.002345   0.05502       275       640    0.9382    0.8796    0.9221    0.5093   0.09274   0.01971   0.02953
    32/299      4.2G   0.03813  0.006806  0.001575   0.04651       200       640    0.9298    0.8693    0.9187    0.4959   0.09344      0.02   0.02778
    33/299     4.16G   0.04119  0.006943  0.001154   0.04929       291       640    0.9444    0.8976    0.9392    0.5292   0.09165   0.01965   0.02999
    34/299     4.19G   0.04102  0.007018  0.001925   0.04996       241       640    0.9241    0.8713     0.916    0.4722    0.0931   0.01917   0.03057
    35/299     4.04G   0.03294  0.007005  0.001755    0.0417       269       640    0.6834     0.657    0.6818    0.2417   0.09769   0.02384   0.06728
    36/299     4.18G   0.03334   0.00711  0.001266   0.04172       165       640    0.9353    0.8997    0.9367    0.5274   0.09039   0.01926    0.0616
    37/299      4.2G   0.03972  0.007433  0.002053    0.0492       190       640    0.9188    0.8591     0.913    0.4718   0.09232   0.01986   0.05102
    38/299     4.36G   0.04208  0.007856  0.002899   0.05283       196       640    0.4253    0.4034    0.3389    0.1236    0.1049   0.02838   0.03336
    39/299     4.18G   0.03659  0.008123  0.002275   0.04699       230       640    0.8402    0.6737    0.7552    0.3369   0.09564   0.02308   0.03342
    40/299      4.2G   0.04118  0.007303  0.002265   0.05075       153       640    0.9516    0.8728    0.9285    0.5296   0.09054    0.0191   0.03203
    41/299     4.06G   0.03342   0.00716  0.001698   0.04228       256       640    0.9295    0.8732    0.9192    0.5102   0.09156    0.0189   0.03225
    42/299     4.19G   0.02848  0.006962 0.0009573    0.0364       264       640    0.9572    0.8878    0.9386    0.5361   0.09028   0.01899   0.03347
    43/299     4.17G   0.03931  0.007124   0.00233   0.04876       254       640    0.8804    0.7919     0.859    0.4049   0.09515   0.01911    0.0333
    44/299     4.18G    0.0327  0.007061  0.001467   0.04123       195       640     0.949    0.8969    0.9433    0.5507   0.08972   0.01856   0.03498
    45/299     4.19G   0.03645  0.007024  0.001303   0.04478       261       640    0.9363    0.9068    0.9356    0.5447   0.08981   0.01903    0.0339
    46/299     4.18G   0.04025  0.007051  0.001761   0.04906       183       640    0.9367    0.8883    0.9354    0.5474    0.0901   0.01882   0.03305
    47/299     4.18G   0.03261  0.006876  0.001232   0.04071       187       640     0.939    0.9086    0.9449    0.5532    0.0894   0.01867   0.04131
    48/299     4.18G   0.03936  0.006957  0.001687   0.04801       186       640    0.8513    0.7627    0.8363    0.3837   0.09452   0.01988   0.03075
    49/299      4.2G   0.03131  0.006601  0.001428   0.03934       154       640    0.9426    0.8979    0.9401    0.5572   0.08909   0.01913   0.03223
    50/299      4.2G   0.03571  0.006596  0.001317   0.04363       184       640    0.9392    0.9073    0.9447    0.5711    0.0891   0.01895   0.03192
    51/299     4.19G   0.02978  0.006808 0.0007797   0.03737       147       640    0.9395    0.9218     0.953    0.5768   0.08907   0.01861   0.03175
    52/299     4.18G   0.03881  0.006512  0.002124   0.04745       158       640    0.9462    0.9187    0.9511    0.5793   0.08851   0.01867   0.03322
    53/299     4.19G    0.0356  0.006795  0.001342   0.04374       298       640    0.9592     0.911    0.9565    0.5914   0.08849   0.01853   0.03323
    54/299     4.17G   0.03782  0.006679  0.002036   0.04653       127       640    0.9568    0.9283    0.9604    0.5856    0.0885   0.01863   0.03514
    55/299      4.2G   0.03219  0.006562 0.0008442    0.0396       203       640    0.9441    0.9249    0.9568    0.5943   0.08849   0.01845   0.03428
    56/299     4.19G   0.03304  0.006546  0.001803   0.04139       294       640     0.958    0.9174    0.9615    0.5792   0.08829   0.01874   0.03437
    57/299     4.18G   0.02988  0.006584  0.001469   0.03793       234       640    0.9497    0.9345    0.9613    0.5913   0.08843   0.01849   0.03388
    58/299     4.36G   0.03209  0.006631  0.001679   0.04041       239       640    0.9508     0.929    0.9616    0.5886   0.08843   0.01853   0.04049
    59/299     4.18G   0.03593  0.006495  0.001766   0.04419       178       640    0.9291    0.8898    0.9352    0.5324   0.09021   0.02031   0.05986
    60/299     4.17G   0.03391   0.00664  0.001737   0.04229       251       640    0.9539    0.9332    0.9576    0.5959   0.08854   0.01868   0.04378
    61/299     4.17G   0.03007  0.006342    0.0015   0.03791       172       640    0.9545    0.9109    0.9538    0.5863   0.08842   0.01905   0.03767
    62/299     4.18G   0.03373  0.006477  0.001501   0.04171       190       640    0.9493    0.9403     0.961    0.5948   0.08822   0.01857   0.03398
    63/299     4.17G   0.03192  0.006378  0.001403    0.0397       243       640    0.9549    0.9354    0.9663    0.6125   0.08805    0.0187   0.03495
    64/299     4.16G   0.02936  0.006397  0.001133   0.03689       224       640    0.9619    0.9283    0.9663    0.6081   0.08814   0.01847   0.03483
    65/299     4.18G   0.03858  0.006578  0.002259   0.04742       220       640    0.9319    0.9282    0.9536    0.5838   0.08836   0.01892   0.03614
    66/299     4.18G   0.04522  0.007539  0.003669   0.05643       297       640    0.9446    0.8749    0.9331    0.5151   0.09017      0.02   0.03557
    67/299     4.19G   0.03331  0.006854  0.001433   0.04159       207       640    0.9419    0.9146    0.9559    0.5792   0.08898   0.01896   0.03469
    68/299      4.2G   0.03481  0.006565  0.001419    0.0428       191       640    0.9437    0.9361    0.9634    0.5949   0.08865    0.0184   0.03551
    69/299     4.18G   0.03302  0.006543  0.001522   0.04108       276       640    0.9421    0.9371     0.964    0.5999   0.08851    0.0184   0.03504
    70/299     4.16G   0.03993   0.00651  0.002561     0.049       444       640     0.947     0.944    0.9675    0.6072   0.08831   0.01862   0.03628
    71/299     4.19G    0.0331  0.006434  0.001628   0.04116       169       640    0.9602    0.9313    0.9689    0.6135    0.0881   0.01863   0.03532
    72/299     4.19G   0.03174  0.006423  0.001025   0.03919       226       640    0.9353    0.9539    0.9672    0.6182   0.08811   0.01849   0.03449
    73/299     4.16G    0.0294  0.006389  0.001251   0.03704       270       640    0.9561    0.9444    0.9682     0.611     0.088   0.01874   0.03527
    74/299      4.2G   0.03592  0.006454  0.002151   0.04453       211       640     0.957    0.9441     0.969    0.6209   0.08787   0.01847   0.03931
    75/299     4.17G   0.03044  0.006407  0.001401   0.03825       205       640     0.961    0.9402      0.97     0.618   0.08777   0.01855   0.03962
    76/299     4.19G    0.0307   0.00651 0.0007818   0.03799       231       640     0.955     0.963     0.976    0.6255   0.08783   0.01841    0.0382
    77/299     4.18G   0.03121  0.006225   0.00177    0.0392       195       640    0.9537    0.9371    0.9675     0.608   0.08796   0.01877   0.03835
    78/299     4.33G   0.03009  0.006382  0.001888   0.03836       236       640    0.9612    0.9332    0.9682    0.6086   0.08798    0.0186   0.03746
    79/299     4.18G   0.02814  0.006419  0.001229   0.03579       149       640    0.9494    0.9548     0.973    0.6196   0.08791   0.01875   0.04124
    80/299     4.17G   0.02787  0.006343 0.0008689   0.03508       214       640    0.9568    0.9542    0.9751    0.6204   0.08741   0.01891   0.04337
    81/299     4.19G   0.03651  0.006535    0.0027   0.04575       178       640    0.9495    0.8888    0.9382    0.5434   0.08938   0.01922   0.03466
    82/299     4.34G   0.03812  0.006635  0.002355   0.04711       233       640     0.957    0.9361    0.9672    0.6132   0.08804   0.01847   0.03805
    83/299     4.18G   0.03337   0.00611  0.001589   0.04107       236       640    0.9633    0.9519    0.9754    0.6247    0.0878   0.01869   0.03727
    84/299     4.04G   0.03112  0.006273   0.00166   0.03905       122       640    0.9494    0.9536    0.9709    0.6088   0.08799   0.01894   0.04238
    85/299     4.17G   0.02398  0.006311  0.001213    0.0315       240       640    0.9617    0.9487    0.9732    0.6232   0.08765   0.01889   0.03894
    86/299      4.2G   0.03363   0.00628  0.002069   0.04197       220       640    0.9676    0.9467    0.9749    0.6248   0.08735   0.01864   0.03975
    87/299      4.2G   0.02732  0.006412  0.001138   0.03487       178       640    0.9597    0.9581    0.9768    0.6306   0.08744   0.01862   0.04024
    88/299      4.2G   0.03459  0.006413  0.001563   0.04256       275       640    0.9251    0.9078    0.9518    0.5676   0.08863   0.02016   0.04346
    89/299     4.17G   0.03202  0.006296   0.00136   0.03968       193       640    0.9667    0.9427    0.9746     0.623   0.08735   0.01908   0.03622
    90/299     4.16G   0.03044  0.006253  0.001223   0.03792       198       640    0.9623     0.957    0.9773    0.6324   0.08733   0.01882   0.03566
    91/299      4.2G    0.0353  0.006207  0.001317   0.04282       245       640    0.9642    0.9546     0.978    0.6288   0.08735     0.019   0.03529
    92/299     4.19G   0.03655  0.006125   0.00166   0.04434       207       640    0.9723    0.9496    0.9766    0.6389    0.0871   0.01897   0.03568
    93/299     4.18G   0.02586  0.006353  0.001172   0.03339       295       640    0.9741    0.9472    0.9766    0.6291    0.0873   0.01878   0.03786
    94/299     4.18G   0.03299  0.006113 0.0008589   0.03996       219       640    0.9703    0.9499    0.9776    0.6392   0.08714   0.01877   0.04433
    95/299      4.2G   0.03244  0.006189  0.001117   0.03974       203       640    0.9657    0.9588    0.9792    0.6382   0.08714   0.01886   0.05034
    96/299     4.19G   0.03168  0.006322  0.001377   0.03938       224       640    0.9665    0.9442     0.975    0.6302    0.0873   0.01908   0.03544
    97/299     4.19G   0.03646  0.006164  0.001809   0.04443       237       640    0.9681    0.9539     0.976    0.6418   0.08694   0.01914   0.03676
    98/299     4.17G   0.03722  0.006468  0.003007   0.04669       232       640    0.7936    0.6744    0.7442     0.286   0.09724   0.01965   0.03559
    99/299     4.18G   0.03776  0.006576  0.002631   0.04697       218       640    0.9467    0.9119     0.955    0.5631   0.08911   0.01897   0.03752
   100/299     4.18G   0.03192  0.006057  0.001272   0.03925       177       640     0.966    0.9502    0.9768    0.6383   0.08709   0.01908   0.03634
   101/299     4.16G   0.02878  0.006051  0.001215   0.03604       232       640    0.9603    0.9605    0.9779    0.6488   0.08709   0.01899   0.03614
   102/299     4.17G   0.03817  0.006153  0.001787   0.04611       206       640    0.9732    0.9451    0.9809    0.6406     0.087   0.01903   0.03575
   103/299      4.2G     0.035  0.006245  0.001684   0.04293       216       640    0.9721    0.9481    0.9788    0.6405   0.08717   0.01897   0.03595
   104/299      4.2G   0.03207  0.006237  0.001669   0.03998       213       640    0.9607    0.9559    0.9771    0.6416   0.08719   0.01916     0.036
   105/299     4.18G   0.02514  0.006082 0.0009886   0.03222       206       640    0.9635    0.9575    0.9764    0.6439   0.08698   0.01913    0.0372
   106/299      4.2G   0.03665  0.006105  0.001539   0.04429       198       640    0.9701    0.9586      0.98    0.6435   0.08739   0.01876   0.03662
   107/299     4.18G   0.03576  0.006043  0.002342   0.04415       317       640     0.969    0.9605    0.9833    0.6533   0.08684   0.01881   0.03785
   108/299     4.19G   0.03215  0.006362  0.001589    0.0401       269       640     0.978     0.947    0.9814    0.6547   0.08683   0.01883   0.03752
   109/299     4.18G   0.03384  0.006015  0.001472   0.04133       217       640    0.9674    0.9567    0.9794    0.6526   0.08685   0.01874   0.03689
   110/299     4.19G   0.04262  0.006079  0.002451   0.05115       185       640    0.9692    0.9549    0.9777     0.651   0.08683     0.019   0.03689
   111/299      4.2G   0.03309  0.006222  0.001291    0.0406       245       640    0.9737    0.9532    0.9805    0.6575    0.0867   0.01881   0.03815
   112/299     4.18G   0.03056  0.006133  0.001043   0.03773       193       640    0.9614    0.9545    0.9778    0.6229   0.08715   0.01886   0.04337
   113/299     4.18G   0.03421  0.006399  0.002037   0.04265       207       640    0.9672    0.9579    0.9782    0.6393   0.08722     0.019   0.03838
   114/299     4.18G   0.03165  0.006204  0.001405   0.03926       239       640    0.9746    0.9467      0.98    0.6567   0.08676   0.01879   0.04172
   115/299     4.36G   0.03608   0.00639  0.001996   0.04446       308       640    0.9699    0.9371    0.9721    0.6287   0.08729   0.01946   0.03925
   116/299     4.19G   0.03244   0.00606  0.001523   0.04002       240       640    0.9737    0.9509    0.9789    0.6476    0.0868   0.01912   0.03806
   117/299      4.2G   0.03356    0.0059  0.001787   0.04125       162       640    0.9759     0.957    0.9794    0.6544   0.08673   0.01885   0.03919
   118/299     4.37G   0.03445  0.006193 0.0008935   0.04153       201       640    0.9708    0.9571    0.9796    0.6477   0.08683    0.0189   0.03799
   119/299     4.17G   0.02907  0.006217 0.0006294   0.03591       181       640    0.9723    0.9591    0.9813    0.6561   0.08649   0.01916   0.03778
   120/299     4.18G   0.03087  0.006011  0.002074   0.03895       167       640     0.971    0.9572    0.9789    0.6537   0.08666   0.01917   0.03779
   121/299     4.21G   0.02998  0.006187  0.001635    0.0378       245       640    0.9627    0.9636    0.9815    0.6509   0.08666   0.01892   0.04262
   122/299     4.19G   0.02998  0.006106  0.001209    0.0373       266       640    0.9636    0.9659    0.9825    0.6591   0.08651   0.01874   0.04316
   123/299     4.16G   0.03818  0.005974  0.002028   0.04618       185       640    0.9679    0.9615    0.9842    0.6553   0.08658   0.01887   0.04328
   124/299     4.16G   0.02865   0.00617 0.0007311   0.03555       193       640    0.9742    0.9629    0.9827    0.6547    0.0865   0.01893   0.04404
   125/299     4.19G   0.03885  0.006283  0.002062   0.04719       120       640    0.9507    0.9331    0.9611    0.5912   0.08811   0.01931   0.04439
   126/299     4.35G   0.03472  0.006506  0.001888   0.04312       186       640    0.9598    0.9484    0.9728    0.6393   0.08686   0.01931   0.03824
   127/299     4.18G    0.0345  0.006054   0.00125    0.0418       204       640    0.9667    0.9515      0.98    0.6497   0.08672   0.01903   0.03711
   128/299     4.19G   0.02959  0.006051 0.0005934   0.03624       244       640    0.9729    0.9543    0.9813    0.6578   0.08656   0.01879   0.03689
   129/299     4.16G   0.02724  0.006032 0.0009323    0.0342       241       640    0.9738    0.9576     0.981    0.6624   0.08651   0.01884   0.03677
   130/299      4.2G   0.02919  0.006022  0.001033   0.03625       179       640    0.9675    0.9608    0.9816    0.6614   0.08639   0.01877   0.03689
   131/299     4.19G   0.02826  0.005912  0.001161   0.03534       126       640    0.9719    0.9584    0.9826    0.6618   0.08638   0.01878   0.03719
   132/299     4.19G   0.02948  0.006109 0.0009659   0.03655       251       640    0.9698    0.9583    0.9822    0.6597   0.08651   0.01896   0.03749
   133/299     4.18G   0.02232  0.006159 0.0006816   0.02916       213       640    0.9705    0.9608    0.9847    0.6646   0.08631   0.01902   0.03883
   134/299     4.19G   0.02808  0.006054 0.0009293   0.03506       141       640    0.9693    0.9606    0.9819    0.6602   0.08633   0.01901   0.04042
   135/299     4.16G   0.03248  0.006048 0.0005824   0.03912       151       640    0.9737     0.961     0.985    0.6661   0.08638   0.01883   0.03989
   136/299     4.17G   0.02841  0.006031  0.001694   0.03613       211       640    0.9712    0.9669    0.9853    0.6605   0.08641    0.0188   0.04022
   137/299     4.18G   0.03417  0.006189  0.001823   0.04218       199       640    0.9681    0.9664    0.9846    0.6635   0.08645   0.01881   0.04092
   138/299     4.16G   0.03587   0.00612  0.001679   0.04367       221       640    0.9802    0.9524    0.9848    0.6677   0.08636     0.019   0.04037
   139/299     4.19G   0.03054  0.005934  0.001564   0.03803       148       640    0.9706    0.9608    0.9846    0.6679   0.08624   0.01912   0.03961
   140/299     4.16G   0.03284  0.006034  0.001712   0.04059       261       640    0.9731    0.9559    0.9831    0.6625   0.08631   0.01904   0.04057
   141/299     4.15G   0.03686   0.00617   0.00126   0.04429       145       640    0.9675    0.9661    0.9844    0.6706   0.08619   0.01886   0.03922
   142/299     4.18G   0.03294  0.005956  0.001833   0.04073       285       640    0.9741    0.9572    0.9839    0.6608   0.08635   0.01889   0.03872
   143/299      4.2G   0.03722  0.006016  0.001762     0.045       176       640    0.9735    0.9592     0.983    0.6596   0.08624     0.019   0.03884
   144/299     4.18G   0.03107   0.00603  0.001127   0.03823       166       640    0.9775    0.9597    0.9833    0.6645   0.08621   0.01912   0.03803
   145/299      4.2G   0.03365  0.006069   0.00216   0.04188       242       640    0.9733    0.9593    0.9837    0.6652    0.0862   0.01902   0.03981
   146/299     4.19G   0.03545  0.006323  0.002297   0.04407       274       640    0.9662    0.9687    0.9832    0.6542   0.08647   0.01926   0.04004
   147/299     4.18G   0.03396  0.006073  0.001303   0.04134       194       640    0.9742    0.9595    0.9845    0.6661   0.08622   0.01901   0.04199
   148/299     4.17G   0.03706  0.005959  0.001746   0.04476       179       640    0.9662    0.9718    0.9835    0.6692   0.08633   0.01891   0.04047
   149/299     4.33G   0.02952  0.006087  0.001943   0.03755       233       640    0.9568    0.9674    0.9808    0.6605   0.08654   0.01911   0.03971
   150/299      4.2G   0.03223  0.006243  0.001386   0.03986       327       640    0.9755    0.9586    0.9826    0.6689   0.08629   0.01909   0.04176
   151/299     4.19G   0.03426  0.006118  0.001365   0.04175       276       640    0.9701     0.963    0.9816    0.6654   0.08637   0.01911   0.04062
   152/299     4.18G    0.0324  0.005976  0.001015   0.03939       278       640     0.974    0.9627    0.9852    0.6763   0.08606   0.01905    0.0394
   153/299     4.17G   0.02878  0.006138  0.001959   0.03688       245       640    0.9652    0.9716    0.9854    0.6735   0.08611   0.01902   0.03978
   154/299     4.18G   0.03079  0.005997  0.001389   0.03817       235       640    0.9728    0.9678    0.9842     0.675   0.08618   0.01896   0.04034
   155/299     4.18G   0.03434  0.006161  0.001683   0.04218       285       640    0.9709    0.9681    0.9852    0.6762   0.08616   0.01902   0.04104
   156/299      4.2G   0.02909  0.005937  0.001653   0.03668       134       640    0.9758    0.9644    0.9853    0.6704   0.08614   0.01896   0.04125
   157/299      4.2G   0.02877  0.006072 0.0009954   0.03583       300       640    0.9736    0.9664    0.9866    0.6765   0.08606   0.01903   0.04013
   158/299     4.16G   0.03217  0.006083  0.001744      0.04       235       640    0.9697    0.9656     0.985    0.6764   0.08609   0.01904   0.04006
   159/299      4.2G   0.02731  0.005919 0.0008849   0.03412       173       640      0.97    0.9673     0.985    0.6753   0.08607   0.01911   0.04044
   160/299     4.19G   0.03237  0.005859  0.001439   0.03966       191       640    0.9659    0.9747    0.9871    0.6736   0.08605   0.01905    0.0399
   161/299     4.17G   0.03107  0.006028  0.001318   0.03841       194       640    0.9803    0.9597    0.9868    0.6729   0.08617   0.01891   0.04067
   162/299     4.17G   0.03226  0.005974  0.002055   0.04028       234       640    0.9728    0.9663    0.9881    0.6771   0.08606   0.01891   0.04147
   163/299     4.18G     0.028  0.006257  0.001041    0.0353       256       640    0.9706    0.9666    0.9886    0.6714   0.08617   0.01902   0.04361
   164/299     4.18G   0.03131  0.005973  0.001211   0.03849       250       640     0.973    0.9622    0.9863    0.6739    0.0861   0.01901    0.0464
   165/299     4.17G   0.02506   0.00599 0.0006451   0.03169       265       640    0.9825    0.9579    0.9875    0.6775   0.08608   0.01903   0.04864
   166/299     4.18G   0.03511  0.006171  0.002424   0.04371       219       640     0.972    0.9649    0.9837     0.665   0.08625   0.01907   0.04141
   167/299     4.18G   0.02429   0.00591 0.0005561   0.03075       186       640    0.9674    0.9708    0.9856     0.671   0.08613   0.01904   0.04004
   168/299     4.18G   0.02633  0.005996 0.0007673   0.03309       209       640    0.9735    0.9675     0.986    0.6748   0.08607   0.01903   0.03967
   169/299     4.16G   0.03266   0.00586  0.002003   0.04052       180       640    0.9755    0.9655    0.9873    0.6777   0.08602   0.01902   0.03992
   170/299     4.19G   0.03053  0.005844  0.001136   0.03751       268       640    0.9755    0.9654     0.988    0.6786   0.08601   0.01899   0.04059
   171/299     4.18G   0.02722  0.006096  0.001319   0.03464       289       640    0.9776    0.9643    0.9871    0.6803   0.08601   0.01889   0.04054
   172/299     4.18G   0.03056  0.006069   0.00158   0.03821       276       640    0.9755    0.9651    0.9875    0.6774   0.08602   0.01886   0.04078
   173/299      4.2G   0.02852  0.005981  0.001157   0.03566       339       640    0.9715    0.9695     0.986    0.6809   0.08597   0.01888   0.04079
   174/299     4.18G    0.0289  0.005888 0.0007389   0.03553       165       640    0.9706    0.9741    0.9861    0.6833   0.08591   0.01889    0.0402
   175/299      4.2G   0.02812  0.005909 0.0009886   0.03502       280       640    0.9761    0.9682    0.9864    0.6836   0.08589   0.01889   0.03979
   176/299     4.18G   0.02384  0.005657  0.001339   0.03084       307       640    0.9708     0.972    0.9865    0.6832   0.08585   0.01891   0.04044
   177/299     4.18G   0.02917  0.005935  0.001037   0.03614       231       640    0.9673    0.9731    0.9868    0.6852   0.08578   0.01898   0.04068
   178/299     4.35G   0.03435  0.005941  0.002803   0.04309       205       640    0.9816    0.9617    0.9856    0.6841    0.0858   0.01907   0.04157
   179/299     4.19G   0.02964  0.006094   0.00126     0.037       354       640    0.9731    0.9704    0.9862    0.6818   0.08584   0.01907   0.04182
   180/299     4.18G   0.03317  0.005969  0.001655    0.0408       264       640    0.9791    0.9645    0.9864    0.6852   0.08576   0.01909   0.04175
   181/299     4.19G   0.03181  0.005914  0.001801   0.03952       218       640    0.9715    0.9742     0.987    0.6851   0.08575    0.0191   0.04169
   182/299     4.17G   0.02825  0.005979  0.001875    0.0361       377       640    0.9764    0.9697    0.9889    0.6832   0.08575   0.01917   0.04149
   183/299      4.2G   0.02783  0.005795  0.001025   0.03465       206       640    0.9769    0.9683    0.9893    0.6816   0.08572   0.01911   0.04197
   184/299      4.2G   0.02434  0.005758  0.000704    0.0308       221       640    0.9738    0.9731    0.9888    0.6836   0.08566   0.01915   0.04211
   185/299     4.16G   0.02435   0.00586  0.001106   0.03131       276       640    0.9784    0.9692    0.9881    0.6852   0.08568   0.01918   0.04235
   186/299     4.18G   0.03078  0.005849   0.00132   0.03795       182       640    0.9796    0.9681     0.988    0.6841   0.08574   0.01916   0.04279
   187/299     4.19G   0.03048  0.005846  0.001583   0.03791       182       640    0.9783    0.9666    0.9891    0.6857   0.08574   0.01927   0.04238
   188/299     4.18G   0.02932  0.005857  0.001724    0.0369       294       640    0.9764    0.9682     0.989    0.6852   0.08575   0.01912   0.04225
   189/299     4.16G   0.03637   0.00588  0.001526   0.04378       279       640    0.9777    0.9662    0.9888    0.6853   0.08572   0.01907    0.0427
   190/299     4.18G   0.03221  0.005944  0.001761   0.03992       222       640    0.9706    0.9726    0.9873    0.6855   0.08573   0.01906    0.0425
   191/299     4.17G   0.03206  0.005969  0.001542   0.03957       190       640    0.9726    0.9728     0.988    0.6863   0.08569   0.01914   0.04194
   192/299     4.17G   0.02968  0.005944 0.0009298   0.03656       184       640      0.97    0.9737    0.9867    0.6872   0.08563   0.01923   0.04189
   193/299     4.18G    0.0268  0.005989 0.0009586   0.03374       254       640    0.9715    0.9737    0.9863    0.6867   0.08563   0.01915   0.04191
   194/299     4.19G   0.02919  0.005948  0.001592   0.03673       272       640     0.973    0.9701     0.986    0.6853   0.08565   0.01909   0.04251
   195/299     4.18G   0.02877   0.00606  0.001967    0.0368       157       640    0.9816    0.9602    0.9865     0.683   0.08567   0.01912     0.045
   196/299     4.18G   0.03518  0.006297  0.001989   0.04347        90       640    0.9755     0.965    0.9863    0.6805   0.08576   0.01922     0.045
   197/299     4.19G   0.02814  0.006072  0.001085   0.03529       225       640    0.9743    0.9694    0.9881     0.679   0.08571    0.0193   0.04185
   198/299     4.19G   0.03516  0.005913  0.001624   0.04269       256       640     0.971    0.9719    0.9879    0.6828   0.08571    0.0193   0.04121
   199/299     4.19G   0.02875   0.00592 0.0007885   0.03546       251       640    0.9705    0.9717    0.9889    0.6833   0.08572    0.0192     0.041
   200/299     4.18G   0.02326  0.005921  0.001036   0.03022       242       640    0.9801    0.9628    0.9884     0.685   0.08571   0.01923   0.04067
   201/299     4.16G   0.02841   0.00594   0.00142   0.03577       163       640    0.9711     0.969    0.9868     0.686   0.08567   0.01921   0.04075
   202/299     4.18G   0.03426  0.005837  0.001502    0.0416       189       640    0.9698    0.9711    0.9867    0.6879   0.08565   0.01925    0.0413
   203/299     4.16G   0.02791  0.005873 0.0008587   0.03464        83       640    0.9775    0.9672    0.9876    0.6892   0.08564   0.01923   0.04145
   204/299     4.19G   0.03408  0.005817  0.001483   0.04138       209       640     0.972      0.97    0.9876    0.6883   0.08569   0.01928   0.04167
   205/299     4.18G   0.02958  0.006022  0.001239   0.03684       208       640    0.9736    0.9706    0.9868    0.6865   0.08568   0.01931   0.04143
   206/299     4.19G   0.03443  0.005922   0.00196   0.04232       167       640    0.9733    0.9712    0.9891    0.6873   0.08566   0.01932   0.04218
   207/299     4.19G   0.02902  0.005905  0.001069     0.036       315       640    0.9727    0.9727    0.9876    0.6887   0.08563   0.01927   0.04277
   208/299     4.16G   0.03498  0.005963  0.001058     0.042       275       640     0.974    0.9706    0.9893    0.6884   0.08562   0.01931   0.04328
   209/299     4.17G   0.03042  0.005737  0.001925   0.03808       235       640    0.9798    0.9667    0.9894    0.6872   0.08561    0.0193   0.04386
   210/299     4.19G   0.03219  0.006122  0.001507   0.03982       194       640    0.9748    0.9731     0.989    0.6889    0.0856   0.01929   0.04468
   211/299      4.2G    0.0273  0.005936 0.0008032   0.03404       195       640     0.974     0.973    0.9891    0.6879   0.08556   0.01928   0.04493
   212/299      4.2G   0.02903  0.005971   0.00107   0.03607       224       640    0.9741    0.9714    0.9887    0.6871   0.08556   0.01927   0.04558
   213/299     4.17G   0.03276  0.005737  0.001613   0.04011       144       640    0.9789    0.9672    0.9899    0.6867   0.08556   0.01927   0.04629
   214/299     4.18G   0.03131  0.005804  0.001181   0.03829       235       640    0.9715    0.9758    0.9896    0.6882   0.08555   0.01922   0.04726
   215/299     4.18G    0.0301  0.005968 0.0008444   0.03691       247       640    0.9743    0.9748    0.9903    0.6881   0.08555   0.01927    0.0478
   216/299     4.21G   0.02588  0.006048  0.001682   0.03361       250       640    0.9707    0.9753    0.9905    0.6869   0.08558   0.01926    0.0464
   217/299     4.18G   0.03122  0.005979 0.0008369   0.03803       190       640    0.9714    0.9754    0.9896    0.6869   0.08557   0.01927     0.043
   218/299      4.2G   0.02468  0.005692  0.001012   0.03138       250       640    0.9718    0.9757    0.9897    0.6874   0.08552   0.01927    0.0417
   219/299     4.19G   0.02771  0.005895  0.001031   0.03464       207       640      0.97    0.9763    0.9884    0.6894    0.0855   0.01932   0.04098
   220/299     4.16G   0.03627  0.005936  0.001521   0.04373       184       640     0.966    0.9811    0.9887    0.6895   0.08547   0.01935   0.04079
   221/299     4.18G   0.02805  0.005947 0.0006976    0.0347       255       640    0.9691     0.978    0.9882    0.6898   0.08546   0.01936   0.04053
   222/299     4.16G   0.03481  0.005851 0.0009644   0.04162       256       640    0.9689    0.9754    0.9873    0.6903   0.08545   0.01937   0.04051
   223/299     4.18G   0.02991  0.005749  0.001961   0.03762       209       640    0.9772     0.971    0.9894      0.69   0.08544   0.01941   0.04088
   224/299     4.17G   0.03113  0.005703  0.001908   0.03874       233       640    0.9784    0.9704     0.989    0.6897   0.08543   0.01947   0.04076
   225/299      4.2G    0.0312  0.005893   0.00147   0.03856       232       640    0.9763    0.9702    0.9896    0.6882   0.08542   0.01944   0.04058
   226/299     4.16G   0.02304   0.00586 0.0006158   0.02951       203       640    0.9773    0.9706    0.9888    0.6883   0.08536   0.01946    0.0406
   227/299     4.19G   0.02985  0.005616   0.00141   0.03688       242       640    0.9766    0.9728    0.9885      0.69   0.08534   0.01943   0.04058
   228/299     4.18G    0.0263   0.00596 0.0006662   0.03293       212       640     0.976    0.9746    0.9895     0.691   0.08533   0.01945   0.04031
   229/299     4.17G   0.02519  0.005993 0.0009902   0.03217       203       640    0.9764    0.9712    0.9883    0.6904   0.08533   0.01942   0.04018
   230/299     4.17G    0.0293  0.005742 0.0009994   0.03605       163       640    0.9783    0.9693    0.9882    0.6912   0.08532   0.01944   0.04014
   231/299     4.19G   0.03011   0.00596   0.00132   0.03739       240       640    0.9779    0.9718    0.9885    0.6924   0.08534   0.01943   0.04022
   232/299     4.18G    0.0299  0.005718  0.001057   0.03667       178       640    0.9798    0.9695    0.9896    0.6932   0.08534    0.0194   0.04028
   233/299     4.18G     0.024  0.005898 0.0008794   0.03077       175       640    0.9715    0.9788    0.9896    0.6938   0.08535   0.01937   0.04029
   234/299     4.17G   0.03235  0.005815  0.002231    0.0404       244       640    0.9712    0.9797    0.9902     0.694   0.08533   0.01941   0.04032
   235/299     4.17G    0.0288  0.005947  0.001404   0.03616       190       640    0.9739    0.9765      0.99    0.6938   0.08532   0.01942   0.04034
   236/299     4.18G   0.03599  0.005662  0.002124   0.04377       157       640    0.9762    0.9742    0.9899     0.695   0.08531   0.01944   0.04042
   237/299     4.16G   0.02262  0.005761 0.0008144    0.0292       178       640     0.972    0.9793    0.9902    0.6941   0.08529   0.01943   0.04055
   238/299     4.21G   0.02731  0.005762 0.0006645   0.03373       258       640    0.9777    0.9733      0.99    0.6943   0.08528   0.01947   0.04068
   239/299     4.17G   0.02861  0.005707 0.0008755   0.03519       213       640    0.9781    0.9733      0.99    0.6944   0.08529   0.01951   0.04083
   240/299     4.16G    0.0278  0.005903 0.0006004    0.0343       236       640    0.9749    0.9772    0.9904    0.6973    0.0853   0.01952     0.041
   241/299     4.19G   0.02859  0.005628 0.0006576   0.03487       169       640    0.9767    0.9777    0.9906    0.6963    0.0853   0.01949   0.04107
   242/299     4.21G   0.02839  0.005815  0.000712   0.03491       232       640    0.9769    0.9776    0.9902    0.6962   0.08532   0.01946   0.04103
   243/299     4.18G   0.02513  0.005739  0.000538   0.03141       212       640     0.976    0.9781    0.9902    0.6975   0.08532   0.01946   0.04102
   244/299     4.18G   0.02649  0.005774 0.0007681   0.03303       225       640    0.9739    0.9787    0.9903    0.6959    0.0853   0.01942   0.04098
   245/299      4.2G    0.0278  0.005782  0.001764   0.03535       292       640    0.9748    0.9775      0.99    0.6964   0.08527   0.01945   0.04097
   246/299     4.17G   0.03234  0.005802   0.00138   0.03952       182       640     0.975    0.9776    0.9896    0.6956   0.08525   0.01949    0.0411
   247/299      4.2G   0.03202   0.00591  0.001392   0.03932       148       640    0.9739    0.9776    0.9878    0.6952   0.08523   0.01943   0.04116
   248/299      4.2G   0.02434  0.005784 0.0007604   0.03088       242       640    0.9744    0.9742    0.9879    0.6964   0.08524   0.01942   0.04132
   249/299     4.21G   0.02749   0.00584 0.0008288   0.03416       341       640    0.9749    0.9747    0.9895    0.6951   0.08525   0.01941    0.0415
   250/299      4.2G   0.03326  0.005889 0.0007758   0.03993       173       640     0.977    0.9731     0.989    0.6956   0.08524   0.01941   0.04161
   251/299     4.18G    0.0322  0.005692  0.001773   0.03967       256       640     0.977     0.973     0.988    0.6931   0.08526   0.01942   0.04185
   252/299     4.17G   0.02865  0.005982 0.0008497   0.03548       222       640     0.978    0.9731    0.9896    0.6945   0.08524   0.01945     0.042
   253/299     4.16G   0.03084  0.005767  0.001216   0.03783       202       640    0.9778    0.9716    0.9879    0.6931   0.08524   0.01944   0.04208
   254/299     4.17G   0.02631  0.005754  0.001071   0.03313       143       640    0.9767    0.9721    0.9895     0.694   0.08523   0.01947   0.04221
   255/299     4.18G   0.02758  0.005757   0.00133   0.03467       248       640    0.9768    0.9721    0.9895     0.693   0.08521   0.01947   0.04229
   256/299      4.2G   0.03026  0.005819  0.001421    0.0375       262       640    0.9716    0.9775    0.9896    0.6936   0.08519   0.01952   0.04224
   257/299     4.17G   0.03204  0.005601  0.001299   0.03894       301       640    0.9753    0.9747    0.9896    0.6952   0.08518    0.0195   0.04217
   258/299      4.2G   0.03212  0.005747   0.00131   0.03918       182       640    0.9763    0.9735    0.9878     0.695   0.08518   0.01955   0.04222
   259/299     4.34G   0.02873  0.005777 0.0009514   0.03546       220       640    0.9754    0.9731    0.9891    0.6954   0.08516   0.01954   0.04225
   260/299     4.18G   0.02706  0.005763   0.00115   0.03398       249       640    0.9751    0.9725    0.9894    0.6951   0.08515   0.01954   0.04228
   261/299      4.2G   0.02722  0.005835 0.0008452    0.0339       202       640    0.9719    0.9732    0.9892    0.6947   0.08514   0.01954   0.04232
   262/299      4.2G   0.02828  0.005677 0.0007867   0.03474       205       640    0.9759      0.97    0.9889    0.6962   0.08514   0.01952   0.04229
   263/299     4.19G   0.03411  0.005761  0.001321   0.04119       261       640    0.9756    0.9711     0.989    0.6948   0.08514    0.0195   0.04224
   264/299     4.18G   0.03088  0.005593  0.001374   0.03784       267       640    0.9761    0.9714    0.9894    0.6951   0.08514   0.01948   0.04218
   265/299     4.35G   0.02886  0.005806   0.00241   0.03708       186       640    0.9765    0.9727    0.9895     0.697   0.08514   0.01949   0.04202
   266/299     4.18G   0.02646  0.005926  0.001019    0.0334       199       640    0.9773    0.9721    0.9878    0.6952   0.08515   0.01949   0.04196
   267/299     4.16G   0.03215  0.005577  0.001121   0.03885       149       640    0.9775    0.9727     0.988    0.6958   0.08516   0.01944   0.04193
   268/299     4.18G   0.02446  0.005692    0.0008   0.03096       296       640    0.9769    0.9728     0.988    0.6955   0.08515   0.01948   0.04189
   269/299     4.21G   0.02801  0.005657  0.001129    0.0348       204       640    0.9763    0.9732     0.988     0.696   0.08514   0.01947   0.04188
   270/299     4.18G   0.02346  0.005729 0.0006276   0.02981       182       640    0.9782    0.9726    0.9898    0.6952   0.08514   0.01948   0.04192
   271/299      4.2G   0.02922  0.005618 0.0009774   0.03581       252       640    0.9776    0.9725    0.9882    0.6959   0.08514   0.01947   0.04195
   272/299     4.18G   0.03055  0.005722  0.001695   0.03796       143       640    0.9799    0.9725    0.9899    0.6967   0.08512    0.0195   0.04198
   273/299      4.2G   0.02615  0.005422  0.001404   0.03298       215       640    0.9793    0.9727    0.9899    0.6981   0.08513   0.01947   0.04202
   274/299     4.18G   0.02193  0.005555 0.0007396   0.02823       202       640    0.9724    0.9796    0.9898     0.697   0.08513   0.01949   0.04205
   275/299     4.19G   0.02847  0.005908  0.001185   0.03556       170       640    0.9801    0.9728    0.9885    0.6969   0.08513    0.0195   0.04209
   276/299     4.18G   0.02671  0.005655  0.001107   0.03347       204       640    0.9736    0.9795    0.9887    0.6973   0.08513   0.01948   0.04211
   277/299     4.19G   0.02603  0.005685  0.001136   0.03285       149       640    0.9735    0.9795    0.9885    0.6965   0.08513   0.01951   0.04213
   278/299     4.18G   0.03398  0.005755 0.0008567    0.0406       287       640    0.9725    0.9801    0.9885    0.6965   0.08513   0.01951   0.04214
   279/299     4.18G   0.03456  0.005786  0.001682   0.04203       349       640    0.9735    0.9797    0.9885    0.6961   0.08513   0.01951   0.04217
   280/299      4.2G   0.03148  0.005738  0.001434   0.03865       225       640    0.9785    0.9737    0.9897    0.6972   0.08512   0.01949   0.04223
   281/299      4.2G   0.02915  0.005578 0.0008439   0.03557       179       640    0.9709    0.9798    0.9892    0.6964   0.08511   0.01952    0.0423
   282/299      4.2G   0.02933  0.005718 0.0008515    0.0359       145       640    0.9777    0.9734    0.9892     0.697    0.0851   0.01951   0.04235
   283/299     4.19G   0.02586  0.005643  0.001217   0.03272       262       640    0.9791    0.9728    0.9893    0.6968   0.08509   0.01952    0.0424
   284/299      4.2G    0.0301  0.005849  0.001102   0.03705       220       640    0.9799    0.9728    0.9899    0.6973   0.08508   0.01949   0.04244
   285/299      4.2G   0.03139  0.005822  0.001108   0.03832       381       640    0.9795    0.9724    0.9898    0.6968   0.08507   0.01953   0.04248
   286/299     4.16G     0.034  0.005733  0.001461    0.0412       166       640    0.9795    0.9729    0.9898     0.697   0.08507   0.01952   0.04254
   287/299      4.2G   0.02678  0.005689  0.001004   0.03347       249       640    0.9788     0.973    0.9898    0.6975   0.08506   0.01952   0.04265
   288/299     4.18G   0.03266  0.005754  0.001416   0.03983       192       640     0.979    0.9732    0.9898    0.6977   0.08506   0.01952   0.04277
   289/299     4.17G   0.03194  0.005942  0.001576   0.03946       386       640    0.9774    0.9743    0.9898    0.6975   0.08504   0.01952    0.0429
   290/299      4.2G   0.02912  0.005742  0.001045   0.03591       201       640    0.9791    0.9749    0.9897    0.6982   0.08504   0.01952   0.04301
   291/299     4.18G    0.0336  0.005785 0.0009249   0.04031       182       640    0.9797    0.9749    0.9898    0.6975   0.08503   0.01954   0.04309
   292/299     4.18G   0.02611  0.005887 0.0006762   0.03267       172       640    0.9787    0.9749    0.9898    0.6985   0.08503   0.01954   0.04315
   293/299     4.18G   0.03169  0.005742  0.002526   0.03995       199       640      0.98    0.9749    0.9898    0.6988   0.08502   0.01956   0.04324
   294/299     4.17G   0.03387  0.005798  0.001169   0.04084       244       640    0.9792    0.9749    0.9898    0.6992   0.08501    0.0195   0.04335
   295/299     4.16G   0.03485   0.00571  0.002112   0.04267       288       640    0.9803    0.9738    0.9899    0.6991     0.085   0.01953   0.04347
   296/299     4.18G   0.03444  0.005932  0.002052   0.04242       363       640    0.9799    0.9743    0.9898     0.699     0.085   0.01952   0.04358
   297/299     4.19G   0.02243    0.0058 0.0005693   0.02879       254       640    0.9783    0.9754    0.9898    0.6997   0.08501   0.01952   0.04366
   298/299     4.19G   0.02784  0.005729  0.001113   0.03468       247       640    0.9784    0.9755    0.9898    0.7004   0.08501    0.0195   0.04374
   299/299     4.18G   0.02314   0.00564 0.0004943   0.02927       285       640     0.978    0.9755    0.9899    0.7006   0.08501   0.01949   0.04382
